0.640 0.7301946 12.83167
0.700 0.6131233 11.70533
0.759 0.5222726 10.74996
0.819 0.4503744 9.928525
0.878 0.3925246 9.213893
0.938 0.3453215 8.585719
0.998 0.3063502 8.028446
1.057 0.2738626 7.529972
1.117 0.2465731 7.080729
1.176 0.2235248 6.67305
1.236 0.2040002 6.300706
1.296 0.1874602 5.958575
1.355 0.1735024 5.642396
1.415 0.1618328 5.348581
1.474 0.1522465 5.074074
1.534 0.1446164 4.816236
1.594 0.1388871 4.572762
1.653 0.1350753 4.341602
1.713 0.1332765 4.120904
1.772 0.1336795 3.908959
1.832 0.1365919 3.704156
1.892 0.1424821 3.504937
1.951 0.1520467 3.309761
2.011 0.1663172 3.117081
2.070 0.1868306 2.925342
2.130 0.2158975 2.733056
2.190 0.2570108 2.539049
2.249 0.3154039 2.343094
2.309 0.3985526 2.147432
2.368 0.5155955 1.959801
2.428 0.6727491 1.797405
2.488 0.8622878 1.685228
2.547 1.056049 1.63971
2.607 1.220684 1.6529
2.666 1.337806 1.699435
2.726 1.407659 1.752883
2.786 1.442156 1.795597
2.845 1.456242 1.820744
2.905 1.462017 1.829326
2.964 1.466856 1.825913
3.024 1.47409 1.815572
3.084 1.484449 1.802443
3.143 1.497311 1.789378
3.203 1.511515 1.77807
3.262 1.525824 1.769328
3.322 1.539152 1.763352
3.382 1.550648 1.759954
3.441 1.559713 1.758728
3.501 1.565981 1.759161
3.560 1.56928 1.760712
3.620 1.569594 1.762859
3.680 1.567025 1.765133
3.739 1.56176 1.767127
3.799 1.554044 1.768507
3.858 1.544156 1.769009
3.918 1.53239 1.768437
3.978 1.519043 1.766653
4.037 1.504399 1.763574
4.097 1.488732 1.759163
4.156 1.472289 1.753415
4.216 1.455296 1.74636
4.276 1.437953 1.738046
4.335 1.420435 1.728539
4.395 1.402893 1.717916
4.454 1.385454 1.706263
4.514 1.368227 1.693667
4.574 1.3513 1.680217
4.633 1.334743 1.666002
4.693 1.318613 1.651108
4.752 1.302955 1.635617
4.812 1.287802 1.619605
4.872 1.273176 1.603146
4.931 1.259095 1.586308
4.991 1.245566 1.569152
5.050 1.232594 1.551737
5.110 1.220178 1.534114
5.170 1.208313 1.516332
5.229 1.196992 1.498433
5.289 1.186205 1.480457
5.348 1.175942 1.462439
5.408 1.166189 1.444411
5.468 1.156932 1.426401
5.527 1.148158 1.408434
5.587 1.139852 1.390532
5.646 1.131998 1.372717
5.706 1.124581 1.355006
5.766 1.117586 1.337415
5.825 1.110998 1.319957
5.885 1.104802 1.302645
5.944 1.098985 1.28549
6.004 1.09353 1.268502
6.064 1.088426 1.251688
6.123 1.083658 1.235055
6.183 1.079214 1.218611
6.242 1.07508 1.202359
6.302 1.071245 1.186305
6.362 1.067696 1.170453
6.421 1.064422 1.154806
6.481 1.061413 1.139365
6.540 1.058657 1.124134
6.600 1.056144 1.109114
